#  arrays, from http://colorbrewer2.org/;
# comma-delimited; grouped by []
# Sequential: Multi-hue
BuGn,[(247,252,253),(229,245,249),(204,236,230),(153,216,201),(102,194,164),(65,174,118),(35,139,69),(0,109,44),(0,68,27)]
BuPu,[(247,252,253),(224,236,244),(191,211,230),(158,188,218),(140,150,198),(140,107,177),(136,65,157),(129,15,124),(77,0,75)]
GnBu,[(247,252,240),(224,243,219),(204,235,197),(168,221,181),(123,204,196),(78,179,211),(43,140,190),(8,104,172),(8,64,129)]
OrRd,[(255,247,236),(254,232,200),(253,212,158),(253,187,132),(252,141,89),(239,101,72),(215,48,31),(179,0,0),(127,0,0)]
PuBu,[(255,247,251),(236,231,242),(208,209,230),(166,189,219),(116,169,207),(54,144,192),(5,112,176),(4,90,141),(2,56,88)]
PuBuGn,[(255,247,251),(236,226,240),(208,209,230),(166,189,219),(103,169,207),(54,144,192),(2,129,138),(1,108,89),(1,70,54)]
PuRd,[(247,244,249),(231,225,239),(212,185,218),(201,148,199),(223,101,176),(231,41,138),(206,18,86),(152,0,67),(103,0,31)]
RdPu,[(255,247,243),(253,224,221),(252,197,192),(250,159,181),(247,104,161),(221,52,151),(174,1,126),(122,1,119),(73,0,106)]
YlGn,[(255,255,229),(247,252,185),(217,240,163),(173,221,142),(120,198,121),(65,171,93),(35,132,67),(0,104,55),(0,69,41)]
YlGnBu,[(255,255,217),(237,248,177),(199,233,180),(127,205,187),(65,182,196),(29,145,192),(34,94,168),(37,52,148),(8,29,88)]
YlOrBr,[(255,255,229),(255,247,188),(254,227,145),(254,196,79),(254,153,41),(236,112,20),(204,76,2),(153,52,4),(102,37,6)]
YlOrRd,[(255,255,204),(255,237,160),(254,217,118),(254,178,76),(253,141,60),(252,78,42),(227,26,28),(189,0,38),(128,0,38)]
# Sequential: Single hue
Blues,[(247,251,255),(222,235,247),(198,219,239),(158,202,225),(107,174,214),(66,146,198),(33,113,181),(8,81,156),(8,48,107)]
Greens,[(247,252,245),(229,245,224),(199,233,192),(161,217,155),(116,196,118),(65,171,93),(35,139,69),(0,109,44),(0,68,27)]
Greys,[(255,255,255),(240,240,240),(217,217,217),(189,189,189),(150,150,150),(115,115,115),(82,82,82),(37,37,37),(0,0,0)]
Oranges,[(255,245,235),(254,230,206),(253,208,162),(253,174,107),(253,141,60),(241,105,19),(217,72,1),(166,54,3),(127,39,4)]
Purples,[(252,251,253),(239,237,245),(218,218,235),(188,189,220),(158,154,200),(128,125,186),(106,81,163),(84,39,143),(63,0,125)]
Reds,[(255,245,240),(254,224,210),(252,187,161),(252,146,114),(251,106,74),(239,59,44),(203,24,29),(165,15,21),(103,0,13)]
# Diverging:
BrBG,[(84,48,5),(140,81,10),(191,129,45),(223,194,125),(246,232,195),(245,245,245),(199,234,229),(128,205,193),(53,151,143),(1,102,94),(0,60,48)]
PiYG,[(142,1,82),(197,27,125),(222,119,174),(241,182,218),(253,224,239),(247,247,247),(230,245,208),(184,225,134),(127,188,65),(77,146,33),(39,100,25)]
PRGn,[(64,0,75),(118,42,131),(153,112,171),(194,165,207),(231,212,232),(247,247,247),(217,240,211),(166,219,160),(90,174,97),(27,120,55),(0,68,27)]
PuOr,[(127,59,8),(179,88,6),(224,130,20),(253,184,99),(254,224,182),(247,247,247),(216,218,235),(178,171,210),(128,115,172),(84,39,136),(45,0,75)]
RdBu,[(103,0,31),(178,24,43),(214,96,77),(244,165,130),(253,219,199),(247,247,247),(209,229,240),(146,197,222),(67,147,195),(33,102,172),(5,48,97)]
RdGy,[(103,0,31),(178,24,43),(214,96,77),(244,165,130),(253,219,199),(255,255,255),(224,224,224),(186,186,186),(135,135,135),(77,77,77),(26,26,26)]
RdYlBu,[(165,0,38),(215,48,39),(244,109,67),(253,174,97),(254,224,144),(255,255,191),(224,243,248),(171,217,233),(116,173,209),(69,117,180),(49,54,149)]
RdYlGn,[(165,0,38),(215,48,39),(244,109,67),(253,174,97),(254,224,139),(255,255,191),(217,239,139),(166,217,106),(102,189,99),(26,152,80),(0,104,55)]
Spectral,[(158,1,66),(213,62,79),(244,109,67),(253,174,97),(254,224,139),(255,255,191),(230,245,152),(171,221,164),(102,194,165),(50,136,189),(94,79,162)]
# Qualitative
Paired,[(166,206,227),(31,120,180),(178,223,138),(51,160,44),(251,154,153),(227,26,28),(253,191,111),(255,127,0),(202,178,214),(106,61,154),(255,255,153),(177,89,40)]
Pastel1,[(251,180,174),(179,205,227),(204,235,197),(222,203,228),(254,217,166),(255,255,204),(229,216,189),(253,218,236),(242,242,242)]
Pastel2,[(179,226,205),(253,205,172),(203,213,232),(244,202,228),(230,245,201),(255,242,174),(241,226,204),(204,204,204)]
Set1,[(228,26,28),(55,126,184),(77,175,74),(152,78,163),(255,127,0),(255,255,51),(166,86,40),(247,129,191),(153,153,153)]
Set2,[(102,194,165),(252,141,98),(141,160,203),(231,138,195),(166,216,84),(255,217,47),(229,196,148),(179,179,179)]
Set3,[(141,211,199),(255,255,179),(190,186,218),(251,128,114),(128,177,211),(253,180,98),(179,222,105),(252,205,229),(217,217,217),(188,128,189),(204,235,197),(255,237,111)]
Accent,[(127,201,127),(190,174,212),(253,192,134),(255,255,153),(56,108,176),(240,2,127),(191,91,23),(102,102,102)]
Dark2,[(27,158,119),(217,95,2),(117,112,179),(231,41,138),(102,166,30),(230,171,2),(166,118,29),(102,102,102)]


@Stop
# Pyton code
'BuGn' : OrderedDict([(0, (247,252,253)),(1, (229,245,249)),(2, (204,236,230)),(3, (153,216,201)),(4, (102,194,164)),(5, (65,174,118)),(6, (35,139,69)),(7, (0,109,44)),(8, (0,68,27))])
'BuPu' : OrderedDict([(0, (247,252,253)),(1, (224,236,244)),(2, (191,211,230)),(3, (158,188,218)),(4, (140,150,198)),(5, (140,107,177)),(6, (136,65,157)),(7, (129,15,124)),(8, (77,0,75))])
'GnBu' : OrderedDict([(0, (247,252,240)),(1, (224,243,219)),(2, (204,235,197)),(3, (168,221,181)),(4, (123,204,196)),(5, (78,179,211)),(6, (43,140,190)),(7, (8,104,172)),(8, (8,64,129))])
'OrRd' : OrderedDict([(0, (255,247,236)),(1, (254,232,200)),(2, (253,212,158)),(3, (253,187,132)),(4, (252,141,89)),(5, (239,101,72)),(6, (215,48,31)),(7, (179,0,0)),(8, (127,0,0))])
'PuBu' : OrderedDict([(0, (255,247,251)),(1, (236,231,242)),(2, (208,209,230)),(3, (166,189,219)),(4, (116,169,207)),(5, (54,144,192)),(6, (5,112,176)),(7, (4,90,141)),(8, (2,56,88))])
'PuBuGn' : OrderedDict([(0, (255,247,251)),(1, (236,226,240)),(2, (208,209,230)),(3, (166,189,219)),(4, (103,169,207)),(5, (54,144,192)),(6, (2,129,138)),(7, (1,108,89)),(8, (1,70,54))])
'PuRd' : OrderedDict([(0, (247,244,249)),(1, (231,225,239)),(2, (212,185,218)),(3, (201,148,199)),(4, (223,101,176)),(5, (231,41,138)),(6, (206,18,86)),(7, (152,0,67)),(8, (103,0,31))])
'RdPu' : OrderedDict([(0, (255,247,243)),(1, (253,224,221)),(2, (252,197,192)),(3, (250,159,181)),(4, (247,104,161)),(5, (221,52,151)),(6, (174,1,126)),(7, (122,1,119)),(8, (73,0,106))])
'YlGn' : OrderedDict([(0, (255,255,229)),(1, (247,252,185)),(2, (217,240,163)),(3, (173,221,142)),(4, (120,198,121)),(5, (65,171,93)),(6, (35,132,67)),(7, (0,104,55)),(8, (0,69,41))])
'YlGnBu' : OrderedDict([(0, (255,255,217)),(1, (237,248,177)),(2, (199,233,180)),(3, (127,205,187)),(4, (65,182,196)),(5, (29,145,192)),(6, (34,94,168)),(7, (37,52,148)),(8, (8,29,88))])
'YlOrBr' : OrderedDict([(0, (255,255,229)),(1, (255,247,188)),(2, (254,227,145)),(3, (254,196,79)),(4, (254,153,41)),(5, (236,112,20)),(6, (204,76,2)),(7, (153,52,4)),(8, (102,37,6))])
'YlOrRd' : OrderedDict([(0, (255,255,204)),(1, (255,237,160)),(2, (254,217,118)),(3, (254,178,76)),(4, (253,141,60)),(5, (252,78,42)),(6, (227,26,28)),(7, (189,0,38)),(8, (128,0,38))])
'Blues' : OrderedDict([(0, (247,251,255)),(1, (222,235,247)),(2, (198,219,239)),(3, (158,202,225)),(4, (107,174,214)),(5, (66,146,198)),(6, (33,113,181)),(7, (8,81,156)),(8, (8,48,107))])
'Greens' : OrderedDict([(0, (247,252,245)),(1, (229,245,224)),(2, (199,233,192)),(3, (161,217,155)),(4, (116,196,118)),(5, (65,171,93)),(6, (35,139,69)),(7, (0,109,44)),(8, (0,68,27))])
'Greys' : OrderedDict([(0, (255,255,255)),(1, (240,240,240)),(2, (217,217,217)),(3, (189,189,189)),(4, (150,150,150)),(5, (115,115,115)),(6, (82,82,82)),(7, (37,37,37)),(8, (0,0,0))])
'Oranges' : OrderedDict([(0, (255,245,235)),(1, (254,230,206)),(2, (253,208,162)),(3, (253,174,107)),(4, (253,141,60)),(5, (241,105,19)),(6, (217,72,1)),(7, (166,54,3)),(8, (127,39,4))])
'Purples' : OrderedDict([(0, (252,251,253)),(1, (239,237,245)),(2, (218,218,235)),(3, (188,189,220)),(4, (158,154,200)),(5, (128,125,186)),(6, (106,81,163)),(7, (84,39,143)),(8, (63,0,125))])
'Reds' : OrderedDict([(0, (255,245,240)),(1, (254,224,210)),(2, (252,187,161)),(3, (252,146,114)),(4, (251,106,74)),(5, (239,59,44)),(6, (203,24,29)),(7, (165,15,21)),(8, (103,0,13))])
'BrBG' : OrderedDict([(0, (84,48,5)),(1, (140,81,10)),(2, (191,129,45)),(3, (223,194,125)),(4, (246,232,195)),(5, (245,245,245)),(6, (199,234,229)),(7, (128,205,193)),(8, (53,151,143)),(9, (1,102,94)),(10, (0,60,48))])
'PiYG' : OrderedDict([(0, (142,1,82)),(1, (197,27,125)),(2, (222,119,174)),(3, (241,182,218)),(4, (253,224,239)),(5, (247,247,247)),(6, (230,245,208)),(7, (184,225,134)),(8, (127,188,65)),(9, (77,146,33)),(10, (39,100,25))])
'PRGn' : OrderedDict([(0, (64,0,75)),(1, (118,42,131)),(2, (153,112,171)),(3, (194,165,207)),(4, (231,212,232)),(5, (247,247,247)),(6, (217,240,211)),(7, (166,219,160)),(8, (90,174,97)),(9, (27,120,55)),(10, (0,68,27))])
'PuOr' : OrderedDict([(0, (127,59,8)),(1, (179,88,6)),(2, (224,130,20)),(3, (253,184,99)),(4, (254,224,182)),(5, (247,247,247)),(6, (216,218,235)),(7, (178,171,210)),(8, (128,115,172)),(9, (84,39,136)),(10, (45,0,75))])
'RdBu' : OrderedDict([(0, (103,0,31)),(1, (178,24,43)),(2, (214,96,77)),(3, (244,165,130)),(4, (253,219,199)),(5, (247,247,247)),(6, (209,229,240)),(7, (146,197,222)),(8, (67,147,195)),(9, (33,102,172)),(10, (5,48,97))])
'RdGy' : OrderedDict([(0, (103,0,31)),(1, (178,24,43)),(2, (214,96,77)),(3, (244,165,130)),(4, (253,219,199)),(5, (255,255,255)),(6, (224,224,224)),(7, (186,186,186)),(8, (135,135,135)),(9, (77,77,77)),(10, (26,26,26))])
'RdYlBu' : OrderedDict([(0, (165,0,38)),(1, (215,48,39)),(2, (244,109,67)),(3, (253,174,97)),(4, (254,224,144)),(5, (255,255,191)),(6, (224,243,248)),(7, (171,217,233)),(8, (116,173,209)),(9, (69,117,180)),(10, (49,54,149))])
'RdYlGn' : OrderedDict([(0, (165,0,38)),(1, (215,48,39)),(2, (244,109,67)),(3, (253,174,97)),(4, (254,224,139)),(5, (255,255,191)),(6, (217,239,139)),(7, (166,217,106)),(8, (102,189,99)),(9, (26,152,80)),(10, (0,104,55))])
'Spectral' : OrderedDict([(0, (158,1,66)),(1, (213,62,79)),(2, (244,109,67)),(3, (253,174,97)),(4, (254,224,139)),(5, (255,255,191)),(6, (230,245,152)),(7, (171,221,164)),(8, (102,194,165)),(9, (50,136,189)),(10, (94,79,162))])
'Paired' : OrderedDict([(0, (166,206,227)),(1, (31,120,180)),(2, (178,223,138)),(3, (51,160,44)),(4, (251,154,153)),(5, (227,26,28)),(6, (253,191,111)),(7, (255,127,0)),(8, (202,178,214)),(9, (106,61,154)),(10, (255,255,153)),(11, (177,89,40))])
'Pastel1' : OrderedDict([(0, (251,180,174)),(1, (179,205,227)),(2, (204,235,197)),(3, (222,203,228)),(4, (254,217,166)),(5, (255,255,204)),(6, (229,216,189)),(7, (253,218,236)),(8, (242,242,242))])
'Pastel2' : OrderedDict([(0, (179,226,205)),(1, (253,205,172)),(2, (203,213,232)),(3, (244,202,228)),(4, (230,245,201)),(5, (255,242,174)),(6, (241,226,204)),(7, (204,204,204))])
'Set1' : OrderedDict([(0, (228,26,28)),(1, (55,126,184)),(2, (77,175,74)),(3, (152,78,163)),(4, (255,127,0)),(5, (255,255,51)),(6, (166,86,40)),(7, (247,129,191)),(8, (153,153,153))])
'Set2' : OrderedDict([(0, (102,194,165)),(1, (252,141,98)),(2, (141,160,203)),(3, (231,138,195)),(4, (166,216,84)),(5, (255,217,47)),(6, (229,196,148)),(7, (179,179,179))])
'Set3' : OrderedDict([(0, (141,211,199)),(1, (255,255,179)),(2, (190,186,218)),(3, (251,128,114)),(4, (128,177,211)),(5, (253,180,98)),(6, (179,222,105)),(7, (252,205,229)),(8, (217,217,217)),(9, (188,128,189)),(10, (204,235,197)),(11, (255,237,111))])
'Accent' : OrderedDict([(0, (127,201,127)),(1, (190,174,212)),(2, (253,192,134)),(3, (255,255,153)),(4, (56,108,176)),(5, (240,2,127)),(6, (191,91,23)),(7, (102,102,102))])
'Dark2' : OrderedDict([(0, (27,158,119)),(1, (217,95,2)),(2, (117,112,179)),(3, (231,41,138)),(4, (102,166,30)),(5, (230,171,2)),(6, (166,118,29)),(7, (102,102,102))])
